           К Элизе

	   Людвиг Ван Бетховен

Адаптация: Александр Гудимов

	659, 4
	622, 4
	659, 4
	622, 4
	659, 4
	494, 4
	587, 4
	523, 4
	440, 8
	019, 4
	262, 4
	330, 4
	440, 4
	494, 8
	019, 4
	330, 4
	415, 4
	494, 4
	523, 8
	019, 4
	330, 4
	659, 4
	622, 4
	659, 4
	622, 4
	659, 4
	494, 4
	587, 4
	523, 4
	440, 8
	019, 4
	262, 4
	330, 4
	440, 4
	494, 8
	019, 4
	330, 4
	523, 4
	494, 4
	440,16
	659, 4
	622, 4
	659, 4
	622, 4
	659, 4
	494, 4
	587, 4
	523, 4
	440, 8
	019, 4
	262, 4
	330, 4
	440, 4
	494, 8
	019, 4
	330, 4
	415, 4
	494, 4
	523, 8
	019, 4
	330, 4
	659, 4
	622, 4
	659, 4
	622, 4
	659, 4
	494, 4
	587, 4
	523, 4
	440, 8
	019, 4
	262, 4
	330, 4
	440, 4
	494, 8
	019, 4
	330, 4
	523, 4
	494, 4
	440, 8
	019, 4
	494, 4
	523, 4
	587, 4
	659, 12
	392, 4
	698, 4
	659, 4
	587, 12
	349, 4
	659, 4
	587, 4
	523, 12
	330, 4
	587, 4
	523, 4
	494, 8
	019, 4
	330, 4
	659, 4
	019, 4
	019, 4
	659, 4
	1311, 4
	019, 4
	019, 4
	622, 4
	659, 4
	019, 4
	019, 4
	622, 4
	659, 4
	622, 4
	659, 4
	622, 4
	659, 4
	494, 4
	587, 4
	523, 4
	440, 8
	019, 4
	262, 4
	330, 4
	440, 4
	494, 8
	019, 4
	330, 4
	415, 4
	494, 4
	523, 8
	019, 4
	330, 4
	659, 4
	622, 4
	659, 4
	622, 4
	659, 4
	494, 4
	587, 4
	523, 4
	440, 8
	019, 4
	262, 4
	330, 4
	440, 4
	494, 8
	019, 4
	330, 4
	523, 4
	494, 4
	440, 8
	019, 4
	494, 4
	523, 4
	587, 4
	659, 12
	392, 4
	698, 4
	659, 4
	587, 12
	349, 4
	659, 4
	587, 4
	523, 12
	330, 4
	587, 4
	523, 4
	494, 8
	019, 4
	330, 4
	659, 4
	019, 4
	019, 4
	659, 4
	1311, 4
	019, 4
	019, 4
	622, 4
	659, 4
	019, 4
	019, 4
	622, 4
	659, 4
	622, 4
	659, 4
	622, 4
	659, 4
	494, 4
	587, 4
	523, 4
	440, 8
	019, 4
	262, 4
	330, 4
	440, 4
	494, 8
	019, 4
	330, 4
	415, 4
	494, 4
	523, 8
	019, 4
	330, 4
	659, 4
	622, 4
	659, 4
	622, 4
	659, 4
	494, 4
	587, 4
	523, 4
	440, 8
	019, 4
	262, 4
	330, 4
	440, 4
	494, 8
	019, 4
	330, 4
	523, 4
	494, 4
	440, 8
	019,24 Пауза